5000 0.000000 0.000000
5000 0.000000 0.000000
5000 0.000000 0.000000
5000 0.000000 0.000000
5000 0.000000 0.000000
5000 0.000000 0.000000
5000 0.000000 0.000000
5000 0.000000 0.000000
5000 0.000000 0.000000
5000 0.000000 0.000000
5000 0.000000 0.000000
5000 0.000000 0.000000
5000 0.000000 0.000000
5000 0.000000 0.000000
5000 0.000000 0.000000
5000 0.000000 0.000000
5000 0.000000 0.000000
5000 0.000000 0.000000
5000 0.000000 0.000000
5000 0.000000 0.000000
5000 0.000000 0.000000
5000 0.000000 0.000000
5000 0.000000 0.000000
5000 0.000000 0.000000
5000 0.000000 0.000000
5000 0.000000 0.000000
5000 0.000000 0.000000
5000 0.000000 0.000000
5000 0.000000 0.000000
5000 0.000000 0.000000
5000 0.000000 0.000000
5000 0.000000 0.000000
5000 0.000000 0.000000
5000 0.000000 0.000000
5000 0.000000 0.000000
5000 0.000000 0.000000
5000 0.000000 0.000000
5000 0.000000 0.000000
5000 0.000000 0.000000
5000 0.000000 0.000000
5000 0.000000 0.000000
5000 0.000000 0.000000
5000 0.000000 0.000000
5000 0.015625 0.000000
5000 0.000000 0.000000
5000 0.000000 0.000000
5000 0.000000 0.000000
5000 0.000000 0.000000
5000 0.000000 0.000000
5000 0.000000 0.000000
5000 0.000000 0.000000
5000 0.000000 0.000000
5000 0.000000 0.000000
5000 0.000000 0.000000
5000 0.000000 0.000000
5000 0.000000 0.000000
5000 0.000000 0.000000
5000 0.000000 0.000000
5000 0.000000 0.000000
5000 0.000000 0.000000
5000 0.000000 0.000000
5000 0.000000 0.000000
5000 0.000000 0.000000
5000 0.000000 0.000000
5000 0.000000 0.000000
5000 0.000000 0.000000
5000 0.000000 0.000000
5000 0.000000 0.000000
5000 0.000000 0.000000
5000 0.000000 0.000000
5000 0.000000 0.000000
5000 0.000000 0.000000
5000 0.000000 0.000000
5000 0.000000 0.000000
5000 0.000000 0.000000
5000 0.000000 0.000000
5000 0.000000 0.000000
5000 0.000000 0.000000
5000 0.000000 0.000000
5000 0.000000 0.000000
5000 0.000000 0.000000
5000 0.000000 0.000000
5000 0.000000 0.000000
5000 0.000000 0.000000
5000 0.000000 0.000000
5000 0.000000 0.000000
5000 0.000000 0.000000
5000 0.000000 0.000000
5000 0.000000 0.000000
5000 0.000000 0.000000
5000 0.000000 0.000000
5000 0.000000 0.000000
5000 0.000000 0.000000
5000 0.000000 0.000000
5000 0.000000 0.000000
5000 0.000000 0.000000
5000 0.000000 0.000000
5000 0.000000 0.000000
5000 0.000000 0.000000
5000 0.000000 0.000000
