5020 0.000014 0.000036
5040 0.000016 0.000031
5060 0.000011 0.000029
5080 0.000014 0.000028
5100 0.000014 0.000027
5120 0.000014 0.000027
5140 0.000014 0.000028
5160 0.000015 0.000027
5180 0.000014 0.000028
5200 0.000014 0.000027
5220 0.000019 0.000041
5240 0.000021 0.000041
5260 0.000018 0.000039
5280 0.000024 0.000038
5300 0.000018 0.000035
5320 0.000017 0.000035
5340 0.000018 0.000035
5360 0.000017 0.000034
5380 0.000025 0.000058
5400 0.000018 0.000039
5420 0.000017 0.000043
5440 0.000013 0.000039
5460 0.000022 0.000041
5480 0.000019 0.000033
5500 0.000015 0.000028
5520 0.000015 0.000028
5540 0.000014 0.000028
5560 0.000015 0.000027
5580 0.000015 0.000029
5600 0.000010 0.000028
5620 0.000015 0.000027
5640 0.000014 0.000034
5660 0.000014 0.000028
5680 0.000014 0.000028
5700 0.000015 0.000027
5720 0.000018 0.000039
5740 0.000016 0.000031
5760 0.000014 0.000030
5780 0.000010 0.000029
5800 0.000014 0.000028
5820 0.000014 0.000027
5840 0.000014 0.000027
5860 0.000014 0.000032
5880 0.000028 0.000038
5900 0.000016 0.000029
5920 0.000014 0.000027
5940 0.000014 0.000027
5960 0.000014 0.000028
5980 0.000014 0.000028
6000 0.000013 0.000029
6020 0.000014 0.000028
6040 0.000014 0.000028
6060 0.000014 0.000035
6080 0.000015 0.000035
6100 0.000014 0.000027
6120 0.000014 0.000027
6140 0.000014 0.000027
6160 0.000014 0.000028
6180 0.000014 0.000028
6200 0.000014 0.000028
6220 0.000014 0.000028
6240 0.000052 0.000048
6260 0.000017 0.000029
6280 0.000014 0.000033
6300 0.000027 0.000039
6320 0.000016 0.000029
6340 0.000021 0.000031
6360 0.000013 0.000040
6380 0.000017 0.000038
6400 0.000018 0.000044
6420 0.000062 0.000147
6440 0.000035 0.000040
6460 0.000017 0.000032
6480 0.000014 0.000029
6500 0.000014 0.000027
6520 0.000014 0.000028
6540 0.000014 0.000027
6560 0.000014 0.000034
6580 0.000013 0.000028
6600 0.000014 0.000028
6620 0.000014 0.000028
6640 0.000014 0.000027
6660 0.000014 0.000027
6680 0.000014 0.000028
6700 0.000014 0.000027
6720 0.000014 0.000027
6740 0.000014 0.000028
6760 0.000020 0.000027
6780 0.000014 0.000026
6800 0.000017 0.000028
6820 0.000014 0.000027
6840 0.000014 0.000029
6860 0.000011 0.000024
6880 0.000015 0.000026
6900 0.000030 0.000030
6920 0.000015 0.000027
6940 0.000014 0.000027
6960 0.000014 0.000027
6980 0.000016 0.000037
7000 0.000011 0.000031