4980 0.000000 0.000000
4960 0.000000 0.000000
4940 0.000000 0.015625
4920 0.000000 0.000000
4900 0.000000 0.000000
4880 0.000000 0.000000
4860 0.000000 0.000000
4840 0.000000 0.000000
4820 0.000000 0.000000
4800 0.000000 0.000000
4780 0.000000 0.000000
4760 0.000000 0.000000
4740 0.000000 0.000000
4720 0.000000 0.000000
4700 0.000000 0.000000
4680 0.000000 0.000000
4660 0.000000 0.000000
4640 0.000000 0.000000
4620 0.000000 0.000000
4600 0.000000 0.000000
4580 0.000000 0.000000
4560 0.000000 0.000000
4540 0.000000 0.000000
4520 0.000000 0.000000
4500 0.000000 0.000000
4480 0.000000 0.000000
4460 0.000000 0.000000
4440 0.000000 0.000000
4420 0.000000 0.000000
4400 0.000000 0.000000
4380 0.000000 0.000000
4360 0.000000 0.000000
4340 0.000000 0.000000
4320 0.000000 0.000000
4300 0.000000 0.000000
4280 0.000000 0.000000
4260 0.000000 0.000000
4240 0.000000 0.000000
4220 0.000000 0.000000
4200 0.000000 0.000000
4180 0.000000 0.000000
4160 0.000000 0.000000
4140 0.000000 0.000000
4120 0.000000 0.000000
4100 0.000000 0.000000
4080 0.000000 0.000000
4060 0.000000 0.000000
4040 0.000000 0.000000
4020 0.000000 0.000000
4000 0.000000 0.000000
3980 0.000000 0.000000
3960 0.000000 0.000000
3940 0.000000 0.000000
3920 0.000000 0.000000
3900 0.000000 0.000000
3880 0.000000 0.000000
3860 0.000000 0.000000
3840 0.000000 0.000000
3820 0.000000 0.000000
3800 0.000000 0.000000
3780 0.000000 0.000000
3760 0.000000 0.000000
3740 0.000000 0.000000
3720 0.000000 0.000000
3700 0.000000 0.000000
3680 0.000000 0.000000
3660 0.000000 0.000000
3640 0.000000 0.000000
3620 0.000000 0.000000
3600 0.000000 0.000000
3580 0.000000 0.000000
3560 0.000000 0.000000
3540 0.000000 0.000000
3520 0.000000 0.015625
3500 0.000000 0.000000
3480 0.000000 0.000000
3460 0.000000 0.000000
3440 0.000000 0.000000
3420 0.000000 0.000000
3400 0.000000 0.000000
3380 0.000000 0.000000
3360 0.000000 0.000000
3340 0.000000 0.000000
3320 0.000000 0.000000
3300 0.000000 0.000000
3280 0.000000 0.000000
3260 0.000000 0.000000
3240 0.000000 0.000000
3220 0.000000 0.000000
3200 0.000000 0.000000
3180 0.000000 0.000000
3160 0.000000 0.000000
3140 0.000000 0.000000
3120 0.000000 0.000000
3100 0.000000 0.000000
3080 0.000000 0.000000
3060 0.000000 0.000000
3040 0.000000 0.000000
3020 0.000000 0.000000
3000 0.000000 0.000000
