5020 0.000120 0.000486
5040 0.000088 0.000156
5060 0.000084 0.000162
5080 0.000094 0.000148
5100 0.000153 0.000222
5120 0.000178 0.000151
5140 0.000099 0.000220
5160 0.000122 0.000199
5180 0.000117 0.000349
5200 0.000132 0.000581
5220 0.000176 0.000454
5240 0.000109 0.000310
5260 0.000139 0.000199
5280 0.000093 0.000270
5300 0.000096 0.000185
5320 0.000107 0.000192
5340 0.000112 0.000199
5360 0.000093 0.000163
5380 0.000100 0.000187
5400 0.000117 0.000190
5420 0.000119 0.000168
5440 0.000164 0.000272
5460 0.000092 0.000182
5480 0.000124 0.000154
5500 0.000089 0.000144
5520 0.000081 0.000142
5540 0.000148 0.000188
5560 0.000084 0.000172
5580 0.000098 0.000178
5600 0.000103 0.000152
5620 0.000093 0.000192
5640 0.000102 0.000245
5660 0.000101 0.000189
5680 0.000097 0.000167
5700 0.000094 0.000151
5720 0.000172 0.000169
5740 0.000113 0.000162
5760 0.000103 0.000167
5780 0.000085 0.000145
5800 0.000132 0.000214
5820 0.000092 0.000169
5840 0.000099 0.000137
5860 0.000108 0.000155
5880 0.000088 0.000141
5900 0.000091 0.000188
5920 0.000100 0.000187
5940 0.000092 0.000153
5960 0.000099 0.000148
5980 0.000093 0.000171
6000 0.000087 0.000149
6020 0.000086 0.000164
6040 0.000090 0.000144
6060 0.000118 0.000259
6080 0.000128 0.000161
6100 0.000089 0.000210
6120 0.000138 0.000179
6140 0.000245 0.000214
6160 0.000103 0.000171
6180 0.000093 0.000200
6200 0.000151 0.000266
6220 0.000085 0.000148
6240 0.000079 0.000181
6260 0.000095 0.000158
6280 0.000086 0.000148
6300 0.000092 0.000165
6320 0.000082 0.000306
6340 0.000128 0.000200
6360 0.000094 0.000187
6380 0.000094 0.000209
6400 0.000096 0.000159
6420 0.000086 0.000155
6440 0.000078 0.000146
6460 0.000093 0.000155
6480 0.000112 0.000356
6500 0.000114 0.000188
6520 0.000092 0.000170
6540 0.000084 0.000163
6560 0.000126 0.000200
6580 0.000097 0.000161
6600 0.000106 0.000182
6620 0.000091 0.000158
6640 0.000095 0.000170
6660 0.000103 0.000202
6680 0.000174 0.000310
6700 0.000112 0.000174
6720 0.000102 0.000175
6740 0.000086 0.000194
6760 0.000098 0.000174
6780 0.000094 0.000156
6800 0.000103 0.000145
6820 0.000136 0.000220
6840 0.000129 0.000179
6860 0.000095 0.000168
6880 0.000091 0.000247
6900 0.000110 0.000505
6920 0.000146 0.000237
6940 0.000141 0.000242
6960 0.000132 0.000170
6980 0.000270 0.000499
7000 0.000108 0.000171
