4980 0.000029 0.000046
4960 0.000015 0.000028
4940 0.000021 0.000041
4920 0.000018 0.000037
4900 0.000013 0.000038
4880 0.000018 0.000035
4860 0.000018 0.000036
4840 0.000018 0.000047
4820 0.000018 0.000043
4800 0.000014 0.000029
4780 0.000014 0.000056
4760 0.000043 0.000131
4740 0.000019 0.000042
4720 0.000014 0.000038
4700 0.000015 0.000042
4680 0.000015 0.000034
4660 0.000015 0.000044
4640 0.000045 0.000042
4620 0.000019 0.000031
4600 0.000015 0.000047
4580 0.000015 0.000029
4560 0.000014 0.000027
4540 0.000014 0.000027
4520 0.000014 0.000027
4500 0.000014 0.000027
4480 0.000014 0.000027
4460 0.000015 0.000027
4440 0.000014 0.000027
4420 0.000014 0.000027
4400 0.000010 0.000028
4380 0.000014 0.000028
4360 0.000014 0.000027
4340 0.000014 0.000027
4320 0.000014 0.000027
4300 0.000014 0.000027
4280 0.000015 0.000027
4260 0.000013 0.000027
4240 0.000014 0.000027
4220 0.000014 0.000028
4200 0.000013 0.000028
4180 0.000014 0.000030
4160 0.000010 0.000029
4140 0.000014 0.000028
4120 0.000014 0.000027
4100 0.000014 0.000028
4080 0.000014 0.000027
4060 0.000014 0.000027
4040 0.000014 0.000027
4020 0.000014 0.000027
4000 0.000014 0.000027
3980 0.000014 0.000059
3960 0.000054 0.000150
3940 0.000063 0.000085
3920 0.000015 0.000062
3900 0.000047 0.000048
3880 0.000045 0.000067
3860 0.000020 0.000040
3840 0.000023 0.000046
3820 0.000013 0.000053
3800 0.000021 0.000039
3780 0.000018 0.000032
3760 0.000021 0.000031
3740 0.000015 0.000028
3720 0.000014 0.000028
3700 0.000015 0.000028
3680 0.000014 0.000027
3660 0.000014 0.000027
3640 0.000014 0.000027
3620 0.000015 0.000028
3600 0.000014 0.000027
3580 0.000014 0.000027
3560 0.000013 0.000027
3540 0.000014 0.000027
3520 0.000014 0.000027
3500 0.000014 0.000027
3480 0.000014 0.000027
3460 0.000014 0.000027
3440 0.000014 0.000027
3420 0.000014 0.000031
3400 0.000017 0.000046
3380 0.000020 0.000032
3360 0.000015 0.000039
3340 0.000026 0.000036
3320 0.000018 0.000039
3300 0.000017 0.000030
3280 0.000015 0.000027
3260 0.000015 0.000027
3240 0.000095 0.000147
3220 0.000036 0.000043
3200 0.000015 0.000092
3180 0.000020 0.000046
3160 0.000014 0.000065
3140 0.000026 0.000400
3120 0.000029 0.000069
3100 0.000018 0.000049
3080 0.000030 0.000049
3060 0.000024 0.000064
3040 0.000020 0.000037
3020 0.000018 0.000046
3000 0.000016 0.000045
