5020 0.000104 0.000116
5040 0.000077 0.000095
5060 0.000072 0.000128
5080 0.000068 0.000096
5100 0.000076 0.000139
5120 0.000191 0.000115
5140 0.000107 0.000171
5160 0.000095 0.000134
5180 0.000105 0.000144
5200 0.000099 0.000106
5220 0.000070 0.000122
5240 0.000088 0.000108
5260 0.000086 0.000133
5280 0.000093 0.000114
5300 0.000071 0.000125
5320 0.000091 0.000129
5340 0.000095 0.000138
5360 0.000096 0.000110
5380 0.000068 0.000096
5400 0.000083 0.000118
5420 0.000089 0.000135
5440 0.000093 0.000140
5460 0.000097 0.000214
5480 0.000096 0.000131
5500 0.000114 0.000207
5520 0.000137 0.000118
5540 0.000092 0.000117
5560 0.000085 0.000118
5580 0.000098 0.000122
5600 0.000085 0.000109
5620 0.000083 0.000115
5640 0.000090 0.000113
5660 0.000094 0.000118
5680 0.000095 0.000110
5700 0.000084 0.000112
5720 0.000093 0.000109
5740 0.000091 0.000114
5760 0.000070 0.000101
5780 0.000079 0.000121
5800 0.000086 0.000102
5820 0.000095 0.000140
5840 0.000084 0.000122
5860 0.000110 0.000144
5880 0.000082 0.000151
5900 0.000109 0.000152
5920 0.000103 0.000159
5940 0.000097 0.000142
5960 0.000102 0.000133
5980 0.000100 0.000123
6000 0.000124 0.000143
6020 0.000082 0.000172
6040 0.000135 0.000204
6060 0.000108 0.000164
6080 0.000099 0.000137
6100 0.000097 0.000111
6120 0.000079 0.000118
6140 0.000087 0.000125
6160 0.000094 0.000148
6180 0.000182 0.000142
6200 0.000083 0.000142
6220 0.000094 0.000159
6240 0.000123 0.000160
6260 0.000078 0.000140
6280 0.000095 0.000140
6300 0.000100 0.000148
6320 0.000081 0.000137
6340 0.000100 0.000211
6360 0.000106 0.000145
6380 0.000085 0.000139
6400 0.000068 0.000134
6420 0.000083 0.000139
6440 0.000080 0.000136
6460 0.000073 0.000105
6480 0.000068 0.000089
6500 0.000135 0.000126
6520 0.000089 0.000116
6540 0.000092 0.000123
6560 0.000085 0.000112
6580 0.000096 0.000131
6600 0.000093 0.000122
6620 0.000106 0.000117
6640 0.000070 0.000100
6660 0.000089 0.000121
6680 0.000090 0.000121
6700 0.000104 0.000163
6720 0.000103 0.000138
6740 0.000101 0.000139
6760 0.000098 0.000161
6780 0.000087 0.000134
6800 0.000083 0.000116
6820 0.000085 0.000133
6840 0.000125 0.000192
6860 0.000127 0.000165
6880 0.000124 0.000138
6900 0.000093 0.000124
6920 0.000090 0.000135
6940 0.000080 0.000135
6960 0.000090 0.000119
6980 0.000069 0.000096
7000 0.000068 0.000091

