5001 0.000085 0.000016
5002 0.000076 0.000056
5003 0.000076 0.000037
5004 0.000080 0.000038
5005 0.000065 0.000046
5006 0.000078 0.000043
5007 0.000067 0.000034
5008 0.000068 0.000049
5009 0.000090 0.000040
5010 0.000062 0.000036
5011 0.000061 0.000033
5012 0.000060 0.000037
5013 0.000076 0.000049
5014 0.000175 0.000058
5015 0.000107 0.000041
5016 0.000075 0.000051
5017 0.000074 0.000041
5018 0.000073 0.000044
5019 0.000076 0.000040
5020 0.000073 0.000039
5021 0.000072 0.000038
5022 0.000072 0.000042
5023 0.000072 0.000040
5024 0.000078 0.000042
5025 0.000082 0.000039
5026 0.000076 0.000049
5027 0.000080 0.000039
5028 0.000074 0.000037
5029 0.000100 0.000070
5030 0.000087 0.000067
5031 0.000076 0.000039
5032 0.000093 0.000042
5033 0.000077 0.000044
5034 0.000095 0.000053
5035 0.000082 0.000044
5036 0.000074 0.000046
5037 0.000073 0.000039
5038 0.000073 0.000071
5039 0.000115 0.000069
5040 0.000089 0.000062
5041 0.000080 0.000048
5042 0.000081 0.000051
5043 0.000079 0.000040
5044 0.000074 0.000040
5045 0.000078 0.000067
5046 0.000090 0.000047
5047 0.000075 0.000050
5048 0.000117 0.000047
5049 0.000095 0.000056
5050 0.000088 0.000051
5051 0.000088 0.000045
5052 0.000087 0.000046
5053 0.000103 0.000046
5054 0.000087 0.000045
5055 0.000099 0.000063
5056 0.000074 0.000041
5057 0.000073 0.000044
5058 0.000073 0.000043
5059 0.000077 0.000041
5060 0.000077 0.000044
5061 0.000061 0.000037
5062 0.000076 0.000049
5063 0.000061 0.000033
5064 0.000061 0.000034
5065 0.000085 0.000041
5066 0.000095 0.000040
5067 0.000073 0.000039
5068 0.000062 0.000040
5069 0.000079 0.000063
5070 0.000122 0.000053
5071 0.000071 0.000037
5072 0.000065 0.000034
5073 0.000072 0.000065
5074 0.000071 0.000072
5075 0.000092 0.000036
5076 0.000075 0.000036
5077 0.000061 0.000059
5078 0.000073 0.000037
5079 0.000061 0.000035
5080 0.000060 0.000045
5081 0.000079 0.000046
5082 0.000078 0.000046
5083 0.000078 0.000039
5084 0.000076 0.000042
5085 0.000081 0.000050
5086 0.000120 0.000039
5087 0.000062 0.000044
5088 0.000076 0.000037
5089 0.000068 0.000036
5090 0.000073 0.000099
5091 0.000083 0.000060
5092 0.000077 0.000044
5093 0.000077 0.000046
5094 0.000065 0.000039
5095 0.000061 0.000034
5096 0.000069 0.000033
5097 0.000060 0.000036
5098 0.000068 0.000054
5099 0.000100 0.000051
5100 0.000079 0.000042