100 0.000022 0.000005
200 0.000014 0.000005
300 0.000013 0.000004
400 0.000017 0.000010
500 0.000017 0.000019
600 0.000013 0.000004
700 0.000012 0.000022
800 0.000017 0.000036
900 0.000043 0.000017
1000 0.000018 0.000030
1100 0.000013 0.000013
1200 0.000063 0.000043
1300 0.000011 0.000061
1400 0.000011 0.000012
1500 0.000014 0.000048
1600 0.000013 0.000034
1700 0.000013 0.000014
1800 0.000012 0.000066
1900 0.000012 0.000050
2000 0.000015 0.000071
2100 0.000018 0.000040
2200 0.000015 0.000068
2300 0.000014 0.000061
2400 0.000016 0.000055
2500 0.000033 0.000056
2600 0.000021 0.000154
2700 0.000017 0.000039
2800 0.000016 0.000063
2900 0.000033 0.000082
3000 0.000018 0.000035
3100 0.000015 0.000048
3200 0.000023 0.000058
3300 0.000014 0.000106
3400 0.000013 0.000065
3500 0.000025 0.000025
3600 0.000018 0.000098
3700 0.000015 0.000091
3800 0.000018 0.000066
3900 0.000019 0.000093
4000 0.000014 0.000117
4100 0.000014 0.000089
4200 0.000014 0.000061
4300 0.000014 0.000026
4400 0.000018 0.000171
4500 0.000015 0.000125
4600 0.000012 0.000097
4700 0.000015 0.000119
4800 0.000014 0.000032
4900 0.000017 0.000067
