5020 0.000020 0.000032
5040 0.000015 0.000025
5060 0.000015 0.000022
5080 0.000012 0.000021
5100 0.000015 0.000027
5120 0.000013 0.000029
5140 0.000014 0.000033
5160 0.000013 0.000020
5180 0.000012 0.000021
5200 0.000011 0.000020
5220 0.000014 0.000020
5240 0.000012 0.000020
5260 0.000012 0.000020
5280 0.000012 0.000018
5300 0.000012 0.000018
5320 0.000011 0.000018
5340 0.000011 0.000017
5360 0.000012 0.000035
5380 0.000015 0.000027
5400 0.000012 0.000026
5420 0.000009 0.000015
5440 0.000009 0.000015
5460 0.000014 0.000035
5480 0.000012 0.000026
5500 0.000013 0.000020
5520 0.000011 0.000020
5540 0.000011 0.000022
5560 0.000012 0.000026
5580 0.000012 0.000021
5600 0.000011 0.000020
5620 0.000011 0.000020
5640 0.000012 0.000026
5660 0.000010 0.000038
5680 0.000012 0.000018
5700 0.000018 0.000048
5720 0.000016 0.000036
5740 0.000013 0.000043
5760 0.000015 0.000031
5780 0.000012 0.000020
5800 0.000027 0.000025
5820 0.000013 0.000020
5840 0.000011 0.000021
5860 0.000011 0.000021
5880 0.000015 0.000021
5900 0.000011 0.000021
5920 0.000011 0.000021
5940 0.000011 0.000021
5960 0.000017 0.000037
5980 0.000013 0.000028
6000 0.000013 0.000021
6020 0.000011 0.000027
6040 0.000018 0.000048
6060 0.000014 0.000021
6080 0.000011 0.000026
6100 0.000012 0.000021
6120 0.000011 0.000021
6140 0.000011 0.000021
6160 0.000011 0.000020
6180 0.000012 0.000021
6200 0.000012 0.000019
6220 0.000011 0.000019
6240 0.000012 0.000018
6260 0.000011 0.000018
6280 0.000012 0.000017
6300 0.000012 0.000017
6320 0.000011 0.000018
6340 0.000011 0.000018
6360 0.000012 0.000017
6380 0.000011 0.000026
6400 0.000012 0.000020
6420 0.000012 0.000020
6440 0.000012 0.000019
6460 0.000015 0.000027
6480 0.000012 0.000020
6500 0.000012 0.000020
6520 0.000011 0.000024
6540 0.000044 0.000070
6560 0.000015 0.000021
6580 0.000012 0.000018
6600 0.000008 0.000017
6620 0.000009 0.000019
6640 0.000009 0.000017
6660 0.000019 0.000023
6680 0.000031 0.000024
6700 0.000013 0.000020
6720 0.000012 0.000040
6740 0.000010 0.000050
6760 0.000015 0.000060
6780 0.000012 0.000022
6800 0.000012 0.000020
6820 0.000011 0.000020
6840 0.000011 0.000020
6860 0.000012 0.000020
6880 0.000012 0.000019
6900 0.000012 0.000018
6920 0.000023 0.000018
6940 0.000012 0.000017
6960 0.000012 0.000021
6980 0.000016 0.000025
7000 0.000012 0.000048
