4980 0.000026 0.000052
4960 0.000014 0.000027
4940 0.000012 0.000024
4920 0.000012 0.000022
4900 0.000012 0.000021
4880 0.000011 0.000021
4860 0.000022 0.000023
4840 0.000012 0.000021
4820 0.000011 0.000020
4800 0.000011 0.000032
4780 0.000014 0.000040
4760 0.000014 0.000023
4740 0.000011 0.000021
4720 0.000011 0.000020
4700 0.000020 0.000036
4680 0.000017 0.000026
4660 0.000012 0.000051
4640 0.000019 0.000051
4620 0.000023 0.000059
4600 0.000013 0.000022
4580 0.000011 0.000021
4560 0.000011 0.000021
4540 0.000011 0.000021
4520 0.000012 0.000020
4500 0.000011 0.000024
4480 0.000013 0.000021
4460 0.000017 0.000026
4440 0.000011 0.000020
4420 0.000011 0.000020
4400 0.000011 0.000020
4380 0.000011 0.000029
4360 0.000011 0.000021
4340 0.000012 0.000025
4320 0.000015 0.000021
4300 0.000012 0.000026
4280 0.000012 0.000021
4260 0.000011 0.000021
4240 0.000011 0.000021
4220 0.000011 0.000021
4200 0.000011 0.000020
4180 0.000011 0.000019
4160 0.000011 0.000109
4140 0.000014 0.000023
4120 0.000011 0.000018
4100 0.000026 0.000032
4080 0.000012 0.000039
4060 0.000014 0.000021
4040 0.000011 0.000024
4020 0.000011 0.000030
4000 0.000011 0.000021
3980 0.000012 0.000021
3960 0.000011 0.000021
3940 0.000011 0.000021
3920 0.000011 0.000021
3900 0.000011 0.000020
3880 0.000012 0.000024
3860 0.000013 0.000020
3840 0.000012 0.000025
3820 0.000012 0.000020
3800 0.000015 0.000021
3780 0.000012 0.000019
3760 0.000011 0.000019
3740 0.000011 0.000019
3720 0.000011 0.000017
3700 0.000012 0.000017
3680 0.000012 0.000017
3660 0.000011 0.000038
3640 0.000030 0.000043
3620 0.000013 0.000021
3600 0.000011 0.000021
3580 0.000012 0.000020
3560 0.000011 0.000024
3540 0.000011 0.000022
3520 0.000014 0.000024
3500 0.000015 0.000028
3480 0.000014 0.000023
3460 0.000013 0.000022
3440 0.000015 0.000022
3420 0.000013 0.000021
3400 0.000013 0.000021
3380 0.000013 0.000021
3360 0.000013 0.000020
3340 0.000013 0.000021
3320 0.000013 0.000021
3300 0.000013 0.000019
3280 0.000013 0.000020
3260 0.000013 0.000022
3240 0.000014 0.000021
3220 0.000014 0.000030
3200 0.000013 0.000021
3180 0.000014 0.000020
3160 0.000012 0.000020
3140 0.000013 0.000021
3120 0.000013 0.000021
3100 0.000013 0.000021
3080 0.000027 0.000020
3060 0.000013 0.000030
3040 0.000013 0.000024
3020 0.000012 0.000021
3000 0.000012 0.000021
