4980 0.000126 0.000329
4960 0.000126 0.000180
4940 0.000091 0.000150
4920 0.000093 0.000131
4900 0.000093 0.000133
4880 0.000094 0.000117
4860 0.000087 0.000144
4840 0.000103 0.000144
4820 0.000204 0.000175
4800 0.000086 0.000142
4780 0.000097 0.000140
4760 0.000085 0.000139
4740 0.000090 0.000138
4720 0.000096 0.000134
4700 0.000092 0.000115
4680 0.000069 0.000103
4660 0.000068 0.000090
4640 0.000069 0.000102
4620 0.000082 0.000120
4600 0.000082 0.000124
4580 0.000085 0.000122
4560 0.000107 0.000134
4540 0.000077 0.000125
4520 0.000099 0.000111
4500 0.000069 0.000118
4480 0.000071 0.000152
4460 0.000114 0.000151
4440 0.000097 0.000174
4420 0.000084 0.000185
4400 0.000109 0.000145
4380 0.000113 0.000151
4360 0.000099 0.000137
4340 0.000121 0.000136
4320 0.000092 0.000122
4300 0.000121 0.000201
4280 0.000106 0.000177
4260 0.000108 0.000178
4240 0.000120 0.000199
4220 0.000125 0.000159
4200 0.000097 0.000138
4180 0.000110 0.000159
4160 0.000092 0.000144
4140 0.000122 0.000155
4120 0.000103 0.000132
4100 0.000146 0.000150
4080 0.000095 0.000140
4060 0.000144 0.000158
4040 0.000097 0.000210
4020 0.000087 0.000124
4000 0.000081 0.000123
3980 0.000081 0.000130
3960 0.000079 0.000199
3940 0.000114 0.000164
3920 0.000121 0.000185
3900 0.000125 0.000172
3880 0.000097 0.000166
3860 0.000084 0.000156
3840 0.000084 0.000131
3820 0.000077 0.000118
3800 0.000087 0.000113
3780 0.000086 0.000130
3760 0.000098 0.000132
3740 0.000093 0.000136
3720 0.000130 0.000165
3700 0.000110 0.000146
3680 0.000091 0.000163
3660 0.000107 0.000132
3640 0.000098 0.000132
3620 0.000102 0.000129
3600 0.000094 0.000127
3580 0.000183 0.000141
3560 0.000092 0.000146
3540 0.000107 0.000136
3520 0.000097 0.000142
3500 0.000093 0.000131
3480 0.000114 0.000126
3460 0.000105 0.000134
3440 0.000154 0.000153
3420 0.000113 0.000140
3400 0.000104 0.000149
3380 0.000104 0.000161
3360 0.000115 0.000121
3340 0.000096 0.000112
3320 0.000084 0.000109
3300 0.000082 0.000110
3280 0.000085 0.000101
3260 0.000140 0.000108
3240 0.000088 0.000099
3220 0.000092 0.000116
3200 0.000083 0.000114
3180 0.000096 0.000115
3160 0.000093 0.000097
3140 0.000068 0.000094
3120 0.000081 0.000115
3100 0.000070 0.000088
3080 0.000081 0.000115
3060 0.000094 0.000111
3040 0.000069 0.000105
3020 0.000081 0.000113
3000 0.000093 0.000108
