100 0.000061 0.000024
200 0.000023 0.000018
300 0.000022 0.000011
400 0.000043 0.000028
500 0.000016 0.000022
600 0.000023 0.000014
700 0.000022 0.000033
800 0.000023 0.000046
900 0.000037 0.000020
1000 0.000015 0.000022
1100 0.000037 0.000037
1200 0.000030 0.000059
1300 0.000026 0.000051
1400 0.000031 0.000018
1500 0.000020 0.000071
1600 0.000018 0.000045
1700 0.000017 0.000040
1800 0.000018 0.000073
1900 0.000056 0.000093
2000 0.000046 0.000103
2100 0.000030 0.000062
2200 0.000026 0.000112
2300 0.000026 0.000081
2400 0.000024 0.000065
2500 0.000020 0.000051
2600 0.000029 0.000113
2700 0.000031 0.000139
2800 0.000037 0.000105
2900 0.000021 0.000113
3000 0.000026 0.000060
3100 0.000029 0.000158
3200 0.000037 0.000103
3300 0.000027 0.000264
3400 0.000027 0.000133
3500 0.000034 0.000050
3600 0.000025 0.000147
3700 0.000044 0.000575
3800 0.000031 0.000197
3900 0.000027 0.000319
4000 0.000025 0.000290
4100 0.000028 0.000133
4200 0.000035 0.000171
4300 0.000021 0.000036
4400 0.000019 0.000298
4500 0.000023 0.000203
4600 0.000029 0.000259
4700 0.000031 0.000305
4800 0.000024 0.000042
4900 0.000023 0.000115
