2520 0.000015 0.000024
2540 0.000009 0.000012
2560 0.000009 0.000012
2580 0.000009 0.000012
2600 0.000008 0.000012
2620 0.000009 0.000012
2640 0.000008 0.000011
2660 0.000009 0.000012
2680 0.000009 0.000011
2700 0.000009 0.000011
2720 0.000008 0.000011
2740 0.000008 0.000012
2760 0.000008 0.000012
2780 0.000009 0.000011
2800 0.000009 0.000011
2820 0.000009 0.000012
2840 0.000008 0.000012
2860 0.000009 0.000014
2880 0.000009 0.000014
2900 0.000009 0.000014
2920 0.000009 0.000013
2940 0.000010 0.000014
2960 0.000010 0.000022
2980 0.000010 0.000012
3000 0.000008 0.000012
3020 0.000009 0.000023
3040 0.000028 0.000020
3060 0.000019 0.000025
3080 0.000012 0.000027
3100 0.000018 0.000032
3120 0.000034 0.000044
3140 0.000020 0.000022
3160 0.000016 0.000028
3180 0.000023 0.000025
3200 0.000020 0.000022
3220 0.000019 0.000025
3240 0.000018 0.000031
3260 0.000017 0.000029
3280 0.000019 0.000029
3300 0.000037 0.000036
3320 0.000016 0.000029
3340 0.000022 0.000090
3360 0.000027 0.000037
3380 0.000022 0.000024
3400 0.000025 0.000027
3420 0.000017 0.000019
3440 0.000027 0.000043
3460 0.000030 0.000057
3480 0.000014 0.000025
3500 0.000019 0.000019
3520 0.000013 0.000017
3540 0.000014 0.000029
3560 0.000021 0.000022
3580 0.000017 0.000043
3600 0.000014 0.000022
3620 0.000027 0.000027
3640 0.000018 0.000021
3660 0.000014 0.000021
3680 0.000020 0.000018
3700 0.000014 0.000017
3720 0.000017 0.000027
3740 0.000014 0.000018
3760 0.000014 0.000016
3780 0.000012 0.000016
3800 0.000012 0.000017
3820 0.000009 0.000028
3840 0.000053 0.000026
3860 0.000021 0.000029
3880 0.000013 0.000021
3900 0.000014 0.000018
3920 0.000013 0.000016
3940 0.000013 0.000016
3960 0.000012 0.000017
3980 0.000013 0.000013
4000 0.000018 0.000022
4020 0.000013 0.000076
4040 0.000041 0.000171
4060 0.000057 0.000086
4080 0.000033 0.000030
4100 0.000034 0.000053
4120 0.000020 0.000045
4140 0.000016 0.000064
4160 0.000020 0.000027
4180 0.000013 0.000021
4200 0.000019 0.000022
4220 0.000018 0.000038
4240 0.000017 0.000065
4260 0.000044 0.000086
4280 0.000027 0.000031
4300 0.000015 0.000033
4320 0.000015 0.000026
4340 0.000064 0.000088
4360 0.000023 0.000064
4380 0.000014 0.000025
4400 0.000034 0.000144
4420 0.000021 0.000047
4440 0.000015 0.000025
4460 0.000020 0.000037
4480 0.000020 0.000026
4500 0.000027 0.000083
