4980 0.000027 0.000042
4960 0.000028 0.000053
4940 0.000014 0.000052
4920 0.000014 0.000037
4900 0.000013 0.000029
4880 0.000015 0.000027
4860 0.000014 0.000028
4840 0.000015 0.000031
4820 0.000014 0.000038
4800 0.000023 0.000038
4780 0.000015 0.000030
4760 0.000014 0.000027
4740 0.000014 0.000028
4720 0.000014 0.000035
4700 0.000015 0.000028
4680 0.000014 0.000028
4660 0.000014 0.000027
4640 0.000014 0.000027
4620 0.000014 0.000028
4600 0.000015 0.000027
4580 0.000014 0.000028
4560 0.000014 0.000029
4540 0.000014 0.000059
4520 0.000015 0.000029
4500 0.000015 0.000048
4480 0.000020 0.000035
4460 0.000015 0.000024
4440 0.000010 0.000022
4420 0.000018 0.000042
4400 0.000018 0.000042
4380 0.000014 0.000039
4360 0.000014 0.000039
4340 0.000019 0.000050
4320 0.000013 0.000037
4300 0.000015 0.000035
4280 0.000029 0.000043
4260 0.000022 0.000042
4240 0.000026 0.000052
4220 0.000014 0.000052
4200 0.000021 0.000043
4180 0.000021 0.000040
4160 0.000020 0.000048
4140 0.000025 0.000042
4120 0.000021 0.000041
4100 0.000019 0.000042
4080 0.000020 0.000040
4060 0.000023 0.000060
4040 0.000022 0.000053
4020 0.000022 0.000050
4000 0.000014 0.000040
3980 0.000019 0.000037
3960 0.000018 0.000038
3940 0.000018 0.000038
3920 0.000019 0.000037
3900 0.000018 0.000044
3880 0.000017 0.000037
3860 0.000018 0.000037
3840 0.000019 0.000039
3820 0.000029 0.000035
3800 0.000017 0.000035
3780 0.000018 0.000035
3760 0.000018 0.000035
3740 0.000018 0.000043
3720 0.000018 0.000035
3700 0.000017 0.000036
3680 0.000017 0.000035
3660 0.000018 0.000035
3640 0.000017 0.000034
3620 0.000018 0.000036
3600 0.000018 0.000041
3580 0.000029 0.000043
3560 0.000020 0.000042
3540 0.000018 0.000038
3520 0.000013 0.000041
3500 0.000018 0.000040
3480 0.000019 0.000039
3460 0.000019 0.000040
3440 0.000018 0.000038
3420 0.000019 0.000070
3400 0.000014 0.000040
3380 0.000018 0.000038
3360 0.000019 0.000037
3340 0.000016 0.000035
3320 0.000018 0.000037
3300 0.000017 0.000030
3280 0.000020 0.000043
3260 0.000022 0.000035
3240 0.000015 0.000061
3220 0.000013 0.000028
3200 0.000019 0.000038
3180 0.000015 0.000029
3160 0.000014 0.000028
3140 0.000016 0.000027
3120 0.000014 0.000027
3100 0.000014 0.000028
3080 0.000015 0.000032
3060 0.000015 0.000029
3040 0.000014 0.000037
3020 0.000017 0.000031
3000 0.000015 0.000028
