5020 0.000051 0.000047
5040 0.000014 0.000043
5060 0.000014 0.000034
5080 0.000013 0.000047
5100 0.000017 0.000048
5120 0.000073 0.000051
5140 0.000019 0.000068
5160 0.000021 0.000208
5180 0.000043 0.000162
5200 0.000023 0.000052
5220 0.000018 0.000075
5240 0.000180 0.000115
5260 0.000024 0.000076
5280 0.000021 0.000047
5300 0.000016 0.000037
5320 0.000018 0.000036
5340 0.000017 0.000038
5360 0.000023 0.000040
5380 0.000018 0.000040
5400 0.000016 0.000043
5420 0.000017 0.000038
5440 0.000018 0.000035
5460 0.000018 0.000035
5480 0.000018 0.000035
5500 0.000038 0.000038
5520 0.000018 0.000045
5540 0.000024 0.000034
5560 0.000018 0.000072
5580 0.000043 0.000109
5600 0.000013 0.000053
5620 0.000022 0.000039
5640 0.000015 0.000037
5660 0.000018 0.000045
5680 0.000017 0.000044
5700 0.000015 0.000041
5720 0.000022 0.000044
5740 0.000019 0.000067
5760 0.000021 0.000039
5780 0.000018 0.000037
5800 0.000019 0.000037
5820 0.000025 0.000035
5840 0.000021 0.000037
5860 0.000018 0.000035
5880 0.000017 0.000037
5900 0.000018 0.000038
5920 0.000019 0.000035
5940 0.000017 0.000033
5960 0.000017 0.000033
5980 0.000018 0.000033
6000 0.000017 0.000049
6020 0.000031 0.000067
6040 0.000021 0.000038
6060 0.000018 0.000038
6080 0.000017 0.000034
6100 0.000017 0.000033
6120 0.000018 0.000036
6140 0.000018 0.000033
6160 0.000018 0.000034
6180 0.000016 0.000033
6200 0.000041 0.000037
6220 0.000019 0.000035
6240 0.000020 0.000036
6260 0.000024 0.000038
6280 0.000019 0.000041
6300 0.000012 0.000035
6320 0.000017 0.000038
6340 0.000017 0.000102
6360 0.000054 0.000171
6380 0.000078 0.000150
6400 0.000045 0.000040
6420 0.000021 0.000028
6440 0.000026 0.000039
6460 0.000035 0.000033
6480 0.000014 0.000040
6500 0.000018 0.000042
6520 0.000015 0.000028
6540 0.000012 0.000028
6560 0.000015 0.000027
6580 0.000014 0.000027
6600 0.000016 0.000027
6620 0.000014 0.000027
6640 0.000014 0.000027
6660 0.000014 0.000027
6680 0.000014 0.000027
6700 0.000015 0.000026
6720 0.000014 0.000027
6740 0.000014 0.000027
6760 0.000015 0.000030
6780 0.000015 0.000027
6800 0.000014 0.000027
6820 0.000015 0.000027
6840 0.000015 0.000026
6860 0.000016 0.000028
6880 0.000015 0.000026
6900 0.000015 0.000026
6920 0.000014 0.000026
6940 0.000014 0.000042
6960 0.000015 0.000029
6980 0.000014 0.000027
7000 0.000014 0.000028
