2480 0.000025 0.000061
2460 0.000026 0.000024
2440 0.000028 0.000028
2420 0.000042 0.000026
2400 0.000014 0.000021
2380 0.000012 0.000022
2360 0.000012 0.000022
2340 0.000021 0.000025
2320 0.000086 0.000068
2300 0.000021 0.000027
2280 0.000024 0.000027
2260 0.000024 0.000020
2240 0.000012 0.000019
2220 0.000011 0.000019
2200 0.000012 0.000029
2180 0.000014 0.000069
2160 0.000033 0.000042
2140 0.000012 0.000019
2120 0.000030 0.000072
2100 0.000017 0.000027
2080 0.000012 0.000020
2060 0.000011 0.000019
2040 0.000012 0.000020
2020 0.000012 0.000038
2000 0.000036 0.000039
1980 0.000038 0.000080
1960 0.000020 0.000028
1940 0.000014 0.000021
1920 0.000018 0.000023
1900 0.000013 0.000019
1880 0.000013 0.000064
1860 0.000024 0.000063
1840 0.000045 0.000038
1820 0.000016 0.000028
1800 0.000013 0.000030
1780 0.000024 0.000076
1760 0.000015 0.000032
1740 0.000045 0.000024
1720 0.000037 0.000025
1700 0.000018 0.000186
1680 0.000021 0.000080
1660 0.000015 0.000036
1640 0.000013 0.000022
1620 0.000013 0.000021
1600 0.000013 0.000046
1580 0.000014 0.000126
1560 0.000028 0.000037
1540 0.000018 0.000050
1520 0.000014 0.000023
1500 0.000026 0.000040
1480 0.000014 0.000031
1460 0.000046 0.000027
1440 0.000055 0.000188
1420 0.000037 0.000023
1400 0.000221 0.000022
1380 0.000013 0.000027
1360 0.000009 0.000030
1340 0.000025 0.000080
1320 0.000013 0.000028
1300 0.000012 0.000016
1280 0.000012 0.000016
1260 0.000012 0.000016
1240 0.000011 0.000016
1220 0.000012 0.000015
1200 0.000012 0.000015
1180 0.000011 0.000026
1160 0.000012 0.000016
1140 0.000012 0.000016
1120 0.000012 0.000016
1100 0.000013 0.000017
1080 0.000013 0.000017
1060 0.000013 0.000017
1040 0.000016 0.000026
1020 0.000013 0.000021
1000 0.000036 0.000077
980 0.000030 0.000076
960 0.000030 0.000030
940 0.000015 0.000025
920 0.000015 0.000020
900 0.000024 0.000017
880 0.000014 0.000017
860 0.000013 0.000018
840 0.000021 0.000023
820 0.000015 0.000031
800 0.000014 0.000022
780 0.000013 0.000022
760 0.000014 0.000073
740 0.000016 0.000023
720 0.000013 0.000046
700 0.000014 0.000031
680 0.000014 0.000032
660 0.000028 0.000025
640 0.000037 0.000067
620 0.000045 0.000138
600 0.000025 0.000023
580 0.000012 0.000019
560 0.000009 0.000042
540 0.000015 0.000024
520 0.000014 0.000029
500 0.000022 0.000038
